0 0.9174107142857143 0.3549107142857143 0.10267857142857142 0.27232142857142855
0 0.7991071428571429 0.359375 0.10044642857142858 0.27232142857142855
1 0.65625 0.36607142857142855 0.10267857142857142 0.27455357142857145
1 0.53125 0.359375 0.09598214285714286 0.27455357142857145
0 0.41517857142857145 0.3392857142857143 0.10491071428571429 0.26785714285714285
0 0.29464285714285715 0.34598214285714285 0.10714285714285714 0.27232142857142855
1 0.17633928571428573 0.34151785714285715 0.12053571428571429 0.26339285714285715
1 0.05580357142857143 0.34598214285714285 0.10044642857142858 0.2611607142857143
0 0.8571428571428571 0.7566964285714286 0.24553571428571427 0.24553571428571427
1 0.65625 0.75 0.11607142857142858 0.19866071428571427
1 0.5245535714285714 0.7477678571428571 0.12053571428571429 0.19642857142857142
0 0.38839285714285715 0.7611607142857143 0.10491071428571429 0.25223214285714285
0 0.2857142857142857 0.7611607142857143 0.09598214285714286 0.2611607142857143
1 0.18080357142857142 0.7633928571428571 0.09375 0.24776785714285715
1 0.07142857142857142 0.7589285714285714 0.09375 0.25669642857142855