0 0.08258928571428571 0.3549107142857143 0.10267857142857142 0.27232142857142855
0 0.20089285714285715 0.359375 0.10044642857142858 0.27232142857142855
1 0.34375 0.36607142857142855 0.10267857142857142 0.27455357142857145
1 0.46875 0.359375 0.09598214285714286 0.27455357142857145
0 0.5848214285714286 0.3392857142857143 0.10491071428571429 0.26785714285714285
0 0.7053571428571429 0.34598214285714285 0.10714285714285714 0.27232142857142855
1 0.8236607142857143 0.34151785714285715 0.12053571428571429 0.26339285714285715
1 0.9441964285714286 0.34598214285714285 0.10044642857142858 0.2611607142857143
0 0.14285714285714285 0.7566964285714286 0.24553571428571427 0.24553571428571427
1 0.34375 0.75 0.11607142857142858 0.19866071428571427
1 0.47544642857142855 0.7477678571428571 0.12053571428571429 0.19642857142857142
0 0.6116071428571429 0.7611607142857143 0.10491071428571429 0.25223214285714285
0 0.7142857142857143 0.7611607142857143 0.09598214285714286 0.2611607142857143
1 0.8191964285714286 0.7633928571428571 0.09375 0.24776785714285715
1 0.9285714285714286 0.7589285714285714 0.09375 0.25669642857142855